      energy   
    1.0000E-11   0.00000E+00 0.0000
    1.1286E-11   0.00000E+00 0.0000
    1.2738E-11   0.00000E+00 0.0000
    1.4376E-11   0.00000E+00 0.0000
    1.6225E-11   0.00000E+00 0.0000
    1.8313E-11   0.00000E+00 0.0000
    2.0668E-11   0.00000E+00 0.0000
    2.3326E-11   0.00000E+00 0.0000
    2.6327E-11   0.00000E+00 0.0000
    2.9713E-11   0.00000E+00 0.0000
    3.3535E-11   0.00000E+00 0.0000
    3.7848E-11   0.00000E+00 0.0000
    4.2716E-11   0.00000E+00 0.0000
    4.8211E-11   0.00000E+00 0.0000
    5.4412E-11   0.00000E+00 0.0000
    6.1411E-11   0.00000E+00 0.0000
    6.9310E-11   0.00000E+00 0.0000
    7.8225E-11   0.00000E+00 0.0000
    8.8286E-11   0.00000E+00 0.0000
    9.9642E-11   0.00000E+00 0.0000
    1.1246E-10   0.00000E+00 0.0000
    1.2692E-10   0.00000E+00 0.0000
    1.4325E-10   0.00000E+00 0.0000
    1.6167E-10   0.00000E+00 0.0000
    1.8247E-10   0.00000E+00 0.0000
    2.0594E-10   0.00000E+00 0.0000
    2.3243E-10   0.00000E+00 0.0000
    2.6233E-10   0.00000E+00 0.0000
    2.9607E-10   0.00000E+00 0.0000
    3.3415E-10   0.00000E+00 0.0000
    3.7713E-10   0.00000E+00 0.0000
    4.2564E-10   0.00000E+00 0.0000
    4.8038E-10   0.00000E+00 0.0000
    5.4217E-10   0.00000E+00 0.0000
    6.1191E-10   0.00000E+00 0.0000
    6.9062E-10   1.24720E+01 1.0000
    7.7945E-10   0.00000E+00 0.0000
    8.7970E-10   1.16882E+01 1.0000
    9.9286E-10   0.00000E+00 0.0000
    1.1206E-09   0.00000E+00 0.0000
    1.2647E-09   2.46456E+01 0.7072
    1.4274E-09   2.48549E+01 0.7071
    1.6110E-09   4.28638E+01 0.5142
    1.8182E-09   2.51569E+01 1.0000
    2.0520E-09   1.33401E+02 0.3300
    2.3160E-09   8.34883E+01 0.3794
    2.6139E-09   8.01127E+01 0.4407
    2.9501E-09   4.43466E+01 0.5035
    3.3295E-09   2.18655E+02 0.2361
    3.7578E-09   1.06341E+02 0.3342
    4.2411E-09   1.45420E+02 0.2890
    4.7867E-09   2.76698E+02 0.2091
    5.4023E-09   3.10581E+02 0.2122
    6.0972E-09   2.93218E+02 0.2008
    6.8815E-09   3.42360E+02 0.1943
    7.7666E-09   5.68963E+02 0.1511
    8.7655E-09   6.36679E+02 0.1431
    9.8930E-09   9.13443E+02 0.1214
    1.1165E-08   7.57884E+02 0.1305
    1.2602E-08   1.22173E+03 0.1030
    1.4223E-08   1.41748E+03 0.0936
    1.6052E-08   1.67814E+03 0.0910
    1.8117E-08   1.77065E+03 0.0877
    2.0447E-08   2.18401E+03 0.0775
    2.3077E-08   2.66100E+03 0.0721
    2.6045E-08   3.04827E+03 0.0660
    2.9395E-08   3.40576E+03 0.0628
    3.3176E-08   3.76267E+03 0.0605
    3.7443E-08   4.32757E+03 0.0570
    4.2260E-08   4.67320E+03 0.0557
    4.7695E-08   5.66006E+03 0.0491
    5.3830E-08   5.53633E+03 0.0506
    6.0754E-08   5.62742E+03 0.0500
    6.8568E-08   6.33743E+03 0.0471
    7.7388E-08   7.45372E+03 0.0449
    8.7342E-08   7.75778E+03 0.0436
    9.8576E-08   8.42313E+03 0.0418
    1.1126E-07   8.48554E+03 0.0421
    1.2557E-07   8.43100E+03 0.0420
    1.4172E-07   8.75862E+03 0.0406
    1.5994E-07   9.97112E+03 0.0385
    1.8052E-07   1.08002E+04 0.0383
    2.0374E-07   1.18006E+04 0.0360
    2.2994E-07   1.12515E+04 0.0366
    2.5952E-07   1.22426E+04 0.0356
    2.9290E-07   1.31970E+04 0.0346
    3.3057E-07   1.41627E+04 0.0331
    3.7309E-07   1.45181E+04 0.0329
    4.2108E-07   1.55136E+04 0.0321
    4.7524E-07   1.62210E+04 0.0316
    5.3637E-07   1.64434E+04 0.0309
    6.0536E-07   1.80236E+04 0.0298
    6.8323E-07   1.88439E+04 0.0296
    7.7111E-07   1.86926E+04 0.0292
    8.7029E-07   2.03389E+04 0.0287
    9.8223E-07   2.02294E+04 0.0286
    1.1086E-06   2.10685E+04 0.0282
    1.2512E-06   2.10029E+04 0.0279
    1.4121E-06   2.16195E+04 0.0276
    1.5937E-06   2.20949E+04 0.0272
    1.7987E-06   2.28635E+04 0.0273
    2.0301E-06   2.16441E+04 0.0276
    2.2912E-06   2.29453E+04 0.0272
    2.5859E-06   2.20271E+04 0.0273
    2.9185E-06   2.22713E+04 0.0273
    3.2939E-06   2.14955E+04 0.0279
    3.7176E-06   2.12068E+04 0.0281
    4.1958E-06   1.95373E+04 0.0289
    4.7354E-06   1.96181E+04 0.0296
    5.3445E-06   1.77737E+04 0.0308
    6.0320E-06   1.82937E+04 0.0302
    6.8078E-06   1.69459E+04 0.0315
    7.6835E-06   1.61667E+04 0.0325
    8.6718E-06   1.53158E+04 0.0329
    9.7872E-06   1.41458E+04 0.0351
    1.1046E-05   1.39599E+04 0.0347
    1.2467E-05   1.21740E+04 0.0372
    1.4070E-05   1.16001E+04 0.0379
    1.5880E-05   1.11460E+04 0.0390
    1.7923E-05   9.91056E+03 0.0416
    2.0228E-05   9.23908E+03 0.0430
    2.2830E-05   8.28645E+03 0.0453
    2.5767E-05   8.56773E+03 0.0449
    2.9081E-05   7.96174E+03 0.0466
    3.2821E-05   7.02880E+03 0.0493
    3.7043E-05   6.72226E+03 0.0502
    4.1807E-05   6.67468E+03 0.0513
    4.7185E-05   5.54281E+03 0.0545
    5.3254E-05   4.84187E+03 0.0583
    6.0104E-05   5.13455E+03 0.0579
    6.7835E-05   4.80261E+03 0.0590
    7.6560E-05   4.56229E+03 0.0616
    8.6407E-05   4.10800E+03 0.0635
    9.7522E-05   3.63535E+03 0.0679
    1.1006E-04   3.28248E+03 0.0707
    1.2422E-04   3.17535E+03 0.0721
    1.4020E-04   3.09802E+03 0.0730
    1.5823E-04   3.46248E+03 0.0697
    1.7859E-04   2.86074E+03 0.0777
    2.0156E-04   2.88911E+03 0.0738
    2.2748E-04   2.59714E+03 0.0781
    2.5674E-04   2.62869E+03 0.0768
    2.8977E-04   2.28710E+03 0.0815
    3.2704E-04   2.66787E+03 0.0776
    3.6910E-04   2.17728E+03 0.0840
    4.1658E-04   2.48905E+03 0.0818
    4.7016E-04   2.53282E+03 0.0828
    5.3064E-04   2.28413E+03 0.0840
    5.9889E-04   2.28557E+03 0.0857
    6.7592E-04   2.26078E+03 0.0835
    7.6286E-04   2.04696E+03 0.0865
    8.6098E-04   1.97034E+03 0.0907
    9.7173E-04   1.87021E+03 0.0932
    1.0967E-03   1.84273E+03 0.0889
    1.2378E-03   1.60403E+03 0.0995
    1.3970E-03   2.16934E+03 0.0878
    1.5767E-03   1.99189E+03 0.0892
    1.7795E-03   1.97207E+03 0.0889
    2.0084E-03   1.91565E+03 0.0911
    2.2667E-03   1.95750E+03 0.0920
    2.5582E-03   1.99556E+03 0.0864
    2.8873E-03   1.64303E+03 0.0956
    3.2587E-03   1.52926E+03 0.1004
    3.6778E-03   1.95255E+03 0.0916
    4.1509E-03   1.48555E+03 0.0996
    4.6848E-03   1.74325E+03 0.0946
    5.2874E-03   1.88488E+03 0.0938
    5.9674E-03   2.09244E+03 0.0882
    6.7350E-03   1.79650E+03 0.0914
    7.6013E-03   1.89585E+03 0.0891
    8.5790E-03   1.97596E+03 0.0922
    9.6825E-03   2.08385E+03 0.0885
    1.0928E-02   1.97118E+03 0.0889
    1.2334E-02   2.11292E+03 0.0871
    1.3920E-02   2.00399E+03 0.0882
    1.5710E-02   2.12592E+03 0.0885
    1.7731E-02   2.15798E+03 0.0873
    2.0012E-02   2.50599E+03 0.0840
    2.2586E-02   2.32558E+03 0.0849
    2.5491E-02   2.68940E+03 0.0812
    2.8770E-02   2.57350E+03 0.0785
    3.2470E-02   2.45799E+03 0.0812
    3.6647E-02   2.27443E+03 0.0856
    4.1360E-02   2.69978E+03 0.0771
    4.6680E-02   2.58843E+03 0.0809
    5.2684E-02   3.08874E+03 0.0722
    5.9461E-02   2.64430E+03 0.0771
    6.7109E-02   3.08687E+03 0.0743
    7.5741E-02   3.12558E+03 0.0733
    8.5483E-02   3.75401E+03 0.0642
    9.6478E-02   3.48790E+03 0.0701
    1.0889E-01   3.34686E+03 0.0696
    1.2289E-01   4.25405E+03 0.0641
    1.3870E-01   4.57825E+03 0.0623
    1.5654E-01   5.27723E+03 0.0577
    1.7668E-01   5.30523E+03 0.0563
    1.9940E-01   4.16793E+03 0.0621
    2.2505E-01   4.20331E+03 0.0617
    2.5400E-01   5.63639E+03 0.0540
    2.8667E-01   6.36320E+03 0.0512
    3.2354E-01   6.36645E+03 0.0515
    3.6515E-01   6.51509E+03 0.0513
    4.1212E-01   7.33720E+03 0.0474
    4.6513E-01   5.58671E+03 0.0522
    5.2496E-01   9.38769E+03 0.0436
    5.9248E-01   1.05997E+04 0.0417
    6.6869E-01   1.17993E+04 0.0398
    7.5470E-01   1.32194E+04 0.0369
    8.5177E-01   1.49333E+04 0.0353
    9.6133E-01   1.36905E+04 0.0370
    1.0850E+00   1.18979E+04 0.0389
    1.2245E+00   1.67057E+04 0.0342
    1.3820E+00   1.84716E+04 0.0324
    1.5598E+00   2.15114E+04 0.0309
    1.7604E+00   2.24518E+04 0.0303
    1.9869E+00   2.44013E+04 0.0293
    2.2424E+00   2.85653E+04 0.0275
    2.5309E+00   3.29892E+04 0.0259
    2.8564E+00   3.39681E+04 0.0253
    3.2238E+00   3.47807E+04 0.0248
    3.6385E+00   3.47002E+04 0.0246
    4.1065E+00   3.43769E+04 0.0252
    4.6347E+00   3.46621E+04 0.0251
    5.2308E+00   3.58463E+04 0.0249
    5.9036E+00   3.48606E+04 0.0255
    6.6630E+00   3.54372E+04 0.0253
    7.5200E+00   3.15152E+04 0.0267
    8.4872E+00   3.07702E+04 0.0270
    9.5789E+00   2.74569E+04 0.0287
    1.0811E+01   2.33204E+04 0.0311
    1.2202E+01   1.51393E+04 0.0385
    1.3771E+01   9.35817E+03 0.0492
    1.5542E+01   7.09592E+03 0.0566
    1.7541E+01   4.25496E+03 0.0738
    1.9798E+01   2.47058E+03 0.0962
    2.2344E+01   7.78967E+02 0.1731
    2.5218E+01   3.57679E+02 0.2556
    2.8462E+01   0.00000E+00 0.0000
    3.0000E+01   0.00000E+00 0.0000