      energy   
    1.0000E-11   0.00000E+00 0.0000
    1.5849E-11   0.00000E+00 0.0000
    2.5119E-11   0.00000E+00 0.0000
    3.9811E-11   0.00000E+00 0.0000
    6.3096E-11   0.00000E+00 0.0000
    1.0000E-10   0.00000E+00 0.0000
    1.5849E-10   0.00000E+00 0.0000
    2.5119E-10   0.00000E+00 0.0000
    3.9811E-10   0.00000E+00 0.0000
    6.3096E-10   0.00000E+00 0.0000
    1.0000E-09   0.00000E+00 0.0000
    1.5849E-09   1.65972E+02 0.7071
    2.5119E-09   9.03796E+02 0.3457
    3.9811E-09   6.94734E+02 0.4082
    6.3096E-09   8.57575E+02 0.3322
    1.0000E-08   2.51187E+03 0.1895
    1.5849E-08   3.81613E+03 0.1511
    2.5119E-08   9.31139E+03 0.1099
    3.9811E-08   1.56988E+04 0.0929
    6.3096E-08   2.23761E+04 0.0781
    1.0000E-07   2.74317E+04 0.0719
    1.5849E-07   3.22152E+04 0.0676
    2.5119E-07   4.37082E+04 0.0577
    3.9811E-07   5.36090E+04 0.0527
    6.3096E-07   6.46212E+04 0.0498
    1.0000E-06   7.60947E+04 0.0456
    1.5849E-06   7.90622E+04 0.0450
    2.5119E-06   8.79833E+04 0.0433
    3.9811E-06   7.85947E+04 0.0448
    1.0000E-05   1.25652E+05 0.0377
    1.5849E-05   4.35301E+04 0.0613
    2.5119E-05   3.80735E+04 0.0658
    3.9811E-05   2.55014E+04 0.0788
    6.3096E-05   2.03276E+04 0.0910
    1.0000E-04   1.65783E+04 0.1014
    1.5849E-04   1.06988E+04 0.1205
    2.5119E-04   9.24847E+03 0.1296
    3.9811E-04   9.07820E+03 0.1314
    6.3096E-04   8.02741E+03 0.1390
    1.0000E-03   6.85972E+03 0.1503
    1.5849E-03   8.35696E+03 0.1391
    2.5119E-03   8.96407E+03 0.1357
    3.9811E-03   7.11602E+03 0.1396
    6.3096E-03   9.18279E+03 0.1254
    1.0000E-02   5.52888E+03 0.1618
    1.5849E-02   9.14481E+03 0.1268
    2.5119E-02   1.01302E+04 0.1256
    3.9811E-02   1.18236E+04 0.1171
    6.3096E-02   1.30414E+04 0.1140
    1.0000E-01   1.59647E+04 0.1001
    1.5849E-01   1.65157E+04 0.0987
    2.5119E-01   1.95008E+04 0.0932
    3.9811E-01   2.83094E+04 0.0756
    6.3096E-01   3.32634E+04 0.0726
    1.0000E+00   5.46437E+04 0.0585
    1.5000E+00   5.78477E+04 0.0584
    2.0000E+00   5.11481E+04 0.0625
    2.5000E+00   5.75746E+04 0.0604
    3.0000E+00   4.29169E+04 0.0701
    3.5000E+00   4.53312E+04 0.0671
    4.0000E+00   3.84671E+04 0.0734
    4.5000E+00   3.52824E+04 0.0776
    5.0000E+00   2.96568E+04 0.0852
    5.5000E+00   2.42916E+04 0.0925
    6.0000E+00   2.52969E+04 0.0928
    6.5000E+00   1.83371E+04 0.1090
    7.0000E+00   2.03217E+04 0.1043
    7.5000E+00   1.38067E+04 0.1228
    8.0000E+00   1.56100E+04 0.1162
    8.5000E+00   1.24822E+04 0.1301
    9.0000E+00   1.21159E+04 0.1343
    9.5000E+00   1.46821E+04 0.1228
    1.0000E+01   1.02717E+04 0.1474
    1.0500E+01   9.13407E+03 0.1532
    1.1000E+01   9.89155E+03 0.1483
    1.1500E+01   6.03110E+03 0.1866
    1.2000E+01   3.94610E+03 0.2302
    1.2500E+01   4.33354E+03 0.2202
    1.3000E+01   2.68774E+03 0.2798
    1.3500E+01   1.86065E+03 0.3402
    1.4000E+01   2.10531E+03 0.3264
    1.4500E+01   8.22004E+02 0.4717
    1.5000E+01   8.86052E+02 0.5054
    1.5500E+01   2.64361E+03 0.2870
    1.6000E+01   5.67719E+02 0.6213
    1.6500E+01   5.00291E+02 0.7071
    1.7000E+01   7.29385E+02 0.5359
    1.7500E+01   6.39527E+02 0.5616
    1.8000E+01   1.06027E+03 0.4296
    1.8500E+01   4.93129E+02 0.6272
    1.9000E+01   3.26564E+02 0.7987
    1.9500E+01   4.98386E+02 0.6236
    2.0000E+01   8.37199E+01 1.0000
    2.0500E+01   8.39386E+01 1.0000
    2.1000E+01   0.00000E+00 0.0000
    2.1500E+01   0.00000E+00 0.0000
    2.2000E+01   2.48773E+02 1.0000
    2.2500E+01   2.48862E+02 1.0000
    2.3000E+01   0.00000E+00 0.0000
    2.3500E+01   0.00000E+00 0.0000
    2.4000E+01   2.48980E+02 1.0000
    2.4500E+01   0.00000E+00 0.0000
    2.5000E+01   0.00000E+00 0.0000
    2.5500E+01   0.00000E+00 0.0000
    2.6000E+01   0.00000E+00 0.0000
    2.6500E+01   0.00000E+00 0.0000
    2.7000E+01   0.00000E+00 0.0000
    2.7500E+01   0.00000E+00 0.0000
    2.8000E+01   0.00000E+00 0.0000
    2.8500E+01   0.00000E+00 0.0000
    2.9000E+01   0.00000E+00 0.0000
    2.9500E+01   0.00000E+00 0.0000
    3.0000E+01   0.00000E+00 0.0000
