      energy   
    1.3900E-11   0.00000E+00 0.0000
    3.7800E-11   0.00000E+00 0.0000
    1.0300E-10   0.00000E+00 0.0000
    2.7900E-10   0.00000E+00 0.0000
    7.5800E-10   0.00000E+00 0.0000
    2.0600E-09   7.67279E+02 0.4486
    5.6000E-09   1.66251E+03 0.2885
    1.5200E-08   6.19483E+03 0.1508
    4.1400E-08   2.92588E+04 0.0764
    1.1300E-07   5.93687E+04 0.0550
    3.0600E-07   8.77866E+04 0.0465
    8.3200E-07   1.38307E+05 0.0374
    2.2600E-06   1.71267E+05 0.0338
    1.6700E-05   2.70842E+05 0.0277
    4.5400E-05   6.28106E+04 0.0553
    1.2300E-04   3.38761E+04 0.0773
    3.3500E-04   2.02019E+04 0.0960
    9.1200E-04   1.58919E+04 0.1075
    2.4800E-03   1.71885E+04 0.1065
    6.7400E-03   1.62194E+04 0.1054
    1.8300E-02   1.68391E+04 0.1050
    4.9800E-02   2.59011E+04 0.0879
    1.3500E-01   3.22433E+04 0.0773
    3.6800E-01   4.88560E+04 0.0646
    1.0000E+00   9.37027E+04 0.0473
    1.2100E+00   2.39579E+04 0.0899
    1.3400E+00   1.47445E+04 0.1106
    1.4800E+00   1.87382E+04 0.1043
    1.6300E+00   1.47648E+04 0.1149
    1.7900E+00   1.71944E+04 0.1110
    1.9700E+00   1.82244E+04 0.1043
    2.1800E+00   2.62095E+04 0.0897
    2.4000E+00   2.62598E+04 0.0900
    2.6400E+00   2.14375E+04 0.0992
    2.9100E+00   2.32434E+04 0.0966
    3.2100E+00   2.74283E+04 0.0886
    3.5400E+00   2.84505E+04 0.0858
    3.9000E+00   2.75441E+04 0.0875
    4.3000E+00   3.03318E+04 0.0843
    4.7300E+00   2.35527E+04 0.0948
    5.2200E+00   2.95335E+04 0.0872
    5.7500E+00   2.61737E+04 0.0920
    6.3400E+00   2.52477E+04 0.0933
    6.9800E+00   2.52891E+04 0.0945
    7.7000E+00   2.09091E+04 0.1024
    8.4800E+00   1.95865E+04 0.1053
    9.3500E+00   2.27449E+04 0.1002
    1.0300E+01   2.09844E+04 0.1035
    1.1400E+01   1.85826E+04 0.1101
    1.2500E+01   9.30766E+03 0.1556
    1.3800E+01   6.39911E+03 0.1900
    1.5200E+01   3.76358E+03 0.2447
    1.6700E+01   2.30949E+03 0.3026
    1.8500E+01   2.77930E+03 0.2919
    2.0300E+01   9.90513E+02 0.4696
    2.2400E+01   4.97635E+02 0.7071
    2.4700E+01   2.48980E+02 1.0000
    2.7200E+01   0.00000E+00 0.0000
    2.9000E+01   0.00000E+00 0.0000
    3.0000E+01   0.00000E+00 0.0000