     energy   
    1.0000E-11   0.00000E+00 0.0000
    1.5849E-11   0.00000E+00 0.0000
    2.5119E-11   0.00000E+00 0.0000
    3.9811E-11   0.00000E+00 0.0000
    6.3096E-11   0.00000E+00 0.0000
    1.0000E-10   0.00000E+00 0.0000
    1.5849E-10   0.00000E+00 0.0000
    2.5119E-10   0.00000E+00 0.0000
    3.9811E-10   0.00000E+00 0.0000
    6.3096E-10   5.06992E+02 1.0000
    1.0000E-09   0.00000E+00 0.0000
    1.5849E-09   5.03917E+02 1.0000
    2.5119E-09   0.00000E+00 0.0000
    3.9811E-09   2.00091E+03 0.5000
    6.3096E-09   9.97574E+02 0.7071
    1.0000E-08   2.00325E+03 0.5000
    1.5849E-08   1.00266E+03 0.7071
    2.5119E-08   3.51711E+03 0.3780
    3.9811E-08   5.01458E+03 0.3162
    6.3096E-08   8.53572E+03 0.2425
    1.0000E-07   1.35336E+04 0.1925
    1.5849E-07   1.70644E+04 0.1715
    2.5119E-07   3.21096E+04 0.1250
    3.9811E-07   4.16779E+04 0.1098
    6.3096E-07   5.05630E+04 0.0995
    1.0000E-06   6.67529E+04 0.0867
    1.5849E-06   8.72612E+04 0.0758
    2.5119E-06   9.37613E+04 0.0731
    3.9811E-06   1.09801E+05 0.0676
    6.3096E-06   8.97155E+04 0.0747
    1.0000E-05   7.06827E+04 0.0848
    1.5849E-05   5.11472E+04 0.0990
    2.5119E-05   5.20919E+04 0.0981
    3.9811E-05   3.35890E+04 0.1222
    6.3096E-05   3.16352E+04 0.1260
    1.0000E-04   1.70502E+04 0.1715
    1.5849E-04   1.55543E+04 0.1796
    2.5119E-04   1.15401E+04 0.2085
    3.9811E-04   9.01474E+03 0.2357
    6.3096E-04   8.51524E+03 0.2425
    1.0000E-03   7.01740E+03 0.2673
    1.5849E-03   5.51964E+03 0.3015
    2.5119E-03   8.02871E+03 0.2500
    3.9811E-03   8.04779E+03 0.2500
    6.3096E-03   9.53705E+03 0.2294
    1.0000E-02   5.51497E+03 0.3015
    1.5849E-02   8.04453E+03 0.2500
    2.5119E-02   1.00554E+04 0.2236
    3.9811E-02   1.20535E+04 0.2041
    6.3096E-02   1.30329E+04 0.1961
    1.0000E-01   1.25281E+04 0.2000
    1.5849E-01   2.25947E+04 0.1491
    2.5119E-01   2.15660E+04 0.1525
    3.9811E-01   2.60533E+04 0.1387
    6.3096E-01   3.65988E+04 0.1170
    1.0000E+00   6.21488E+04 0.0898
    1.5000E+00   6.61550E+04 0.0870
    2.0000E+00   5.65600E+04 0.0941
    2.5000E+00   6.10121E+04 0.0913
    3.0000E+00   4.85049E+04 0.1015
    3.5000E+00   4.85058E+04 0.1015
    4.0000E+00   4.24954E+04 0.1085
    4.5000E+00   3.89386E+04 0.1132
    5.0000E+00   2.89461E+04 0.1313
    5.5000E+00   3.34481E+04 0.1222
    6.0000E+00   2.99453E+04 0.1291
    6.5000E+00   2.29591E+04 0.1474
    7.0000E+00   2.14525E+04 0.1525
    7.5000E+00   1.19778E+04 0.2041
    8.0000E+00   1.89621E+04 0.1622
    8.5000E+00   1.39649E+04 0.1890
    9.0000E+00   1.54565E+04 0.1796
    9.5000E+00   1.39743E+04 0.1890
    1.0000E+01   1.14592E+04 0.2085
    1.0500E+01   8.97726E+03 0.2357
    1.1000E+01   1.09581E+04 0.2132
    1.1500E+01   7.48621E+03 0.2582
    1.2000E+01   4.98528E+03 0.3162
    1.2500E+01   4.99184E+03 0.3162
    1.3000E+01   1.99863E+03 0.5000
    1.3500E+01   2.49195E+03 0.4472
    1.4000E+01   3.98788E+03 0.3536
    1.4500E+01   9.97246E+02 0.7071
    1.5000E+01   9.96723E+02 0.7071
    1.5500E+01   3.48572E+03 0.3780
    1.6000E+01   9.98139E+02 0.7071
    1.6500E+01   0.00000E+00 0.0000
    1.7000E+01   1.00074E+03 0.7071
    1.7500E+01   9.95174E+02 0.7071
    1.8000E+01   9.98109E+02 0.7071
    1.8500E+01   0.00000E+00 0.0000
    1.9000E+01   0.00000E+00 0.0000
    1.9500E+01   0.00000E+00 0.0000
    2.0000E+01   0.00000E+00 0.0000
    2.0500E+01   5.03632E+02 1.0000
    2.1000E+01   0.00000E+00 0.0000
    2.1500E+01   0.00000E+00 0.0000
    2.2000E+01   4.97546E+02 1.0000
    2.2500E+01   0.00000E+00 0.0000
    2.3000E+01   0.00000E+00 0.0000
    2.3500E+01   0.00000E+00 0.0000
    2.4000E+01   4.97959E+02 1.0000
    2.4500E+01   0.00000E+00 0.0000
    2.5000E+01   0.00000E+00 0.0000
    2.5500E+01   0.00000E+00 0.0000
    2.6000E+01   0.00000E+00 0.0000
    2.6500E+01   0.00000E+00 0.0000
    2.7000E+01   0.00000E+00 0.0000
    2.7500E+01   0.00000E+00 0.0000
    2.8000E+01   0.00000E+00 0.0000
    2.8500E+01   0.00000E+00 0.0000
    2.9000E+01   0.00000E+00 0.0000
    2.9500E+01   0.00000E+00 0.0000
    3.0000E+01   0.00000E+00 0.0000
